1000000 250000500000
2000000 1000001000000
3000000 2250001500000
4000000 4000002000000
5000000 6250002500000
6000000 9000003000000
7000000 12250003500000
8000000 16000004000000
9000000 20250004500000
10000000 25000005000000
20000000 100000010000000
30000000 225000015000000
40000000 400000020000000
50000000 625000025000000
60000000 900000030000000
70000000 1225000035000000
80000000 1600000040000000
90000000 2025000045000000
10000000 25000005000000
20000000 100000010000000
30000000 225000015000000
40000000 400000020000000
50000000 625000025000000
60000000 900000030000000
70000000 1225000035000000
80000000 1600000040000000
90000000 2025000045000000
